100
1 10.5 20.3 200
2 15.7 25.8 150
3 8.2 18.6 180
4 12.6 22.1 220
5 17.3 27.5 190
6 9.8 19.4 170
7 14.2 24.3 210
8 11.3 21.7 160
9 16.5 26.6 230
10 7.4 17.9 140
11 13.8 23.2 250
12 18.1 28.4 270
13 6.3 16.5 130
14 8.9 20.5 240
15 19.7 29.8 260
16 5.2 15.2 120
17 14.9 25.1 200
18 7.8 18.9 150
19 11.6 22.8 180
20 17.4 26.2 220
21 9.5 19.9 190
22 12.8 23.6 170
23 16.2 25.4 210
24 10.7 21.4 160
25 13.5 24.7 230
26 8.3 20.1 140
27 15.6 25.3 250
28 6.9 18.3 270
29 11.2 22.5 130
30 18.7 27.9 240
31 7.1 19.1 260
32 13.9 23.4 120
33 16.8 26.8 200
34 8.7 20.3 150
35 12.3 24.2 180
36 19.4 28.6 220
37 9.2 21.2 190
38 14.7 25.7 170
39 10.4 22.7 210
40 17.1 26.3 160
41 6.6 18.6 230
42 15.3 24.9 140
43 5.8 17.8 250
44 13.7 23.1 270
45 11.9 22.3 130
46 18.3 27.6 240
47 7.3 19.3 260
48 12.5 24.5 120
49 16.9 26.4 200
50 8.5 20.8 150
51 14.5 25.5 180
52 9.7 21.6 220
53 17.9 27.2 190
54 6.2 18.1 170
55 13.2 23.8 210
56 10.8 22.1 160
57 15.4 24.8 230
58 5.6 17.4 140
59 11.5 22.6 250
60 18.6 27.3 270
61 7.7 19.4 130
62 12.4 24.3 240
63 16.7 26.9 260
64 8.6 20.7 120
65 14.8 25.6 200
66 9.6 21.5 150
67 17.2 26.1 180
68 6.8 18.2 220
69 13.6 23.9 190
70 11.4 22.4 170
71 15.1 25.2 210
72 5.4 17.3 160
73 12.1 24.1 230
74 18.5 27.8 140
75 7.9 19.7 250
76 10.9 21.8 270
77 16.4 26.7 130
78 8.4 20.2 240
79 14.6 25.4 260
80 9.1 21.1 120
81 17.7 27.1 200
82 6.7 18.5 150
83 13.3 23.7 180
84 11.8 22.2 220
85 15.9 26.5 190
86 5.7 17.6 170
87 12.7 23.5 210
88 16.1 26.6 160
89 8.8 20.4 230
90 14.3 25.9 140
91 9.9 21.3 250
92 17.8 27.4 270
93 6.1 17.7 130
94 12.9 23.9 240
95 15.2 25.8 260
96 7.5 19.2 120
97 18.2 27.5 200
98 10.6 21.9 150
99 13.4 24.5 180
100 11.1 22.5 220
