A = 15*12
7 9 2 9 10 8 9 2 2 2 6 3
9 0 9 1 2 7 6 8 2 6 8 7 
2 2 2 10 9 5 0 2 3 3 2 10
10 9 7 9 6 7 3 4 0 10 0 8
9 10 9 10 5 5 1 5 3 10 7 5
5 1 6 7 9 10 0 4 4 7 2 1
3 2 8 1 5 5 2 7 5 5 8 4
9 4 8 5 8 9 1 6 2 8 9 7
10 6 9 7 10 7 1 7 4 8 9 10
5 0 1 10 8 9 9 2 5 1 6 2
8 8 9 5 9 3 3 7 0 4 7 8
5 0 3 4 7 2 5 7 1 8 6 5
6 2 9 6 2 1 6 1 9 6 8 4
4 10 2 2 8 0 2 7 6 6 5 5
0 7 3 3 10 10 9 4 0 6 0 5

B= 12*8
0 3 9 4 8 8 5 6
2 5 9 9 3 8 6 8
2 6 6 4 7 3 6 3
4 8 1 6 9 0 9 7
9 10 9 0 9 10 5 3
5 10 8 8 4 2 0 5 
3 9 8 0 4 10 2 7
6 6 7 9 10 8 10 1
1 6 7 1 4 4 0 4
7 9 3 6 4 4 0 5
8 5 0 10 0 3 3 6
6 9 8 4 3 9 10 4

C= 8*20
8 8 5 0 0 2 7 2 7 0 4 4 0 9 2 6 0 1 4 10
9 2 3 10 4 5 0 8 4 5 4 5 1 3 2 9 9 10 6 4
9 1 4 9 10 9 6 0 8 9 2 2 2 1 9 4 8 9 8 9
1 5 10 10 4 1 7 8 5 6 10 9 9 1 9 4 5 5 1 1
3 3 9 2 2 0 10 1 4 10 10 6 9 5 10 8 6 5 10 6
1 3 0 2 8 1 3 7 3 2 9 10 4 2 9 4 0 8 7 5
10 0 4 4 5 6 1 6 0 1 7 8 9 0 1 4 2 9 10 4
0 8 8 4 0 0 2 0 6 3 9 0 3 5 9 2 0 10 0 3

D= 20*6
3 2 0 0 0 8
0 5 5 2 2 3
8 0 10 10 10 4
2 3 0 8 0 7
4 8 9 3 4 5
2 5 1 7 6 4
6 10 2 4 6 7
6 5 1 4 6 4
7 8 8 9 2 4
4 3 9 10 1 7
1 4 7 4 10 1
1 10 8 8 9 1
10 10 10 9 10 1
3 8 5 4 6 4
7 0 2 4 6 1
6 5 4 6 2 6
4 9 10 1 9 2
10 1 5 2 0 8
0 4 0 0 3 2
7 7 1 4 6 3 

E = 6*15
3 8 7 10 9 1 0 6 10 6 2 1 8 10 10
3 4 4 0 1 4 4 9 0 2 6 7 9 8 0 
9 7 1 0 9 7 7 1 5 2 9 3 7 6 8
6 2 0 10 3 5 10 6 10 7 3 3 10 3 3
9 0 8 7 1 10 10 9 3 2 5 5 1 7 9
6 2 0 7 2 6 7 9 5 0 4 1 0 9 9

F = 15*20
4 9 6 4 1 10 4 10 1 2 10 1 7 10 1 1 5 8 10 3
2 9 0 6 6 2 2 0 10 10 8 7 5 5 1 7 5 9 8 3
2 10 0 7 0 9 10 3 8 1 10 3 5 3 7 9 6 5 6 5
0 6 5 5 9 5 9 7 2 4 7 9 6 5 10 8 0 0 9 9
10 0 5 4 0 9 9 9 7 8 0 1 9 3 5 1 5 7 3 9
7 7 10 9 1 5 1 6 8 6 5 7 2 2 4 6 9 6 7 1
10 4 3 1 10 1 1 2 1 8 5 9 4 7 8 10 8 8 7 8
6 10 6 4 9 1 2 9 2 8 9 4 8 1 10 9 3 8 5 8
2 5 9 0 9 3 0 9 10 8 0 0 2 3 8 2 6 2 1 9
5 5 5 7 6 7 8 4 9 4 2 7 10 1 0 0 9 2 0 8
10 9 5 1 6 5 5 8 9 3 10 3 4 3 5 9 7 2 10 8
2 9 0 10 5 1 9 6 4 1 5 7 4 3 0 9 7 7 9 6
1 4 8 7 2 4 7 4 1 8 8 10 3 2 8 0 9 7 7
6 9 9 0 9 6 3 9 6 5 9 8 8 7 4 5 9 9 4 0
2 7 2 10 8 7 7 9 10 6 5 4 10 7 4 7 2 1

G = 20*1
101
151
188
120
121
135
199
162
138
184
153
191
159
188
149
169
149
158
104
168
103
174
111
193
162
125
195
126
128
134

