100
1 37.7749 -122.4194 150
2 34.0522 -118.2437 200
3 40.7128 -74.0060 250
4 41.8781 -87.6298 180
5 29.7604 -95.3698 220
6 33.4484 -112.0740 190
7 32.7157 -117.1611 170
8 42.3601 -71.0589 240
9 29.4241 -98.4936 210
10 39.9526 -75.1652 230
11 37.3382 -121.8863 200
12 47.6062 -122.3321 180
13 30.2672 -97.7431 170
14 34.0522 -118.2437 160
15 40.7128 -74.0060 220
16 34.0522 -118.2437 200
17 41.8781 -87.6298 240
18 33.4484 -112.0740 210
19 37.7749 -122.4194 190
20 32.7157 -117.1611 180
21 42.3601 -71.0589 200
22 29.7604 -95.3698 230
23 40.7128 -74.0060 180
24 34.0522 -118.2437 250
25 29.4241 -98.4936 200
26 47.6062 -122.3321 170
27 39.9526 -75.1652 160
28 37.3382 -121.8863 220
29 30.2672 -97.7431 210
30 34.0522 -118.2437 240
31 37.7749 -122.4194 220
32 33.4484 -112.0740 200
33 32.7157 -117.1611 190
34 41.8781 -87.6298 180
35 42.3601 -71.0589 170
36 29.7604 -95.3698 240
37 40.7128 -74.0060 220
38 47.6062 -122.3321 200
39 34.0522 -118.2437 190
40 29.4241 -98.4936 180
41 37.7749 -122.4194 160
42 33.4484 -112.0740 220
43 32.7157 -117.1611 210
44 42.3601 -71.0589 200
45 41.8781 -87.6298 230
46 29.7604 -95.3698 220
47 40.7128 -74.0060 210
48 34.0522 -118.2437 200
49 29.4241 -98.4936 190
50 47.6062 -122.3321 180
51 37.7749 -122.4194 170
52 33.4484 -112.0740 240
53 32.7157 -117.1611 230
54 41.8781 -87.6298 220
55 42.3601 -71.0589 210
56 29.7604 -95.3698 200
57 40.7128 -74.0060 190
58 47.6062 -122.3321 180
59 34.0522 -118.2437 170
60 29.4241 -98.4936 160
61 37.7749 -122.4194 220
62 33.4484 -112.0740 210
63 32.7157 -117.1611 200
64 41.8781 -87.6298 190
65 42.3601 -71.0589 180
66 29.7604 -95.3698 170
67 40.7128 -74.0060 160
68 47.6062 -122.3321 220
69 34.0522 -118.2437 210
70 29.4241 -98.4936 200
71 37.7749 -122.4194 190
72 33.4484 -112.0740 180
73 32.7157 -117.1611 170
74 41.8781 -87.6298 160
75 42.3601 -71.0589 220
76 29.7604 -95.3698 210
77 40.7128 -74.0060 200
78 47.6062 -122.3321 190
79 34.0522 -118.2437 180
80 29.4241 -98.4936 170
81 37.7749 -122.4194 160
82 33.4484 -112.0740 220
83 32.7157 -117.1611 210
84 41.8781 -87.6298 200
85 42.3601 -71.0589 190
86 29.7604 -95.3698 180
87 40.7128 -74.0060 170
88 47.6062 -122.3321 160
89 34.0522 -118.2437 220
90 29.4241 -98.4936 210
91 37.7749 -122.4194 200
92 33.4484 -112.0740 190
93 32.7157 -117.1611 180
94 41.8781 -87.6298 170
95 42.3601 -71.0589 160
96 29.7604 -95.3698 220
97 40.7128 -74.0060 210
98 47.6062 -122.3321 200
99 34.0522 -118.2437 190
100 29.4241 -98.4936 180
